%%% 
%%% params.m
%%% 
%%% Automatically-generated Matlab file containing parameters
%%% used in this MITgcm experiment.
%%% 

vectorInvariantMomentum=1;
viscAr=0.00000000e+00;
viscA4=0.00000000e+00;
viscAh=0.00000000e+00;
viscA4Grid=0.00000000e+00;
viscAhGrid=0.00000000e+00;
viscA4GridMax=5.00000000e-01;
viscAhGridMax=1.00000000e+00;
useAreaViscLength=0;
useFullLeith=1;
useSmag3D=1;
viscC4leith=0.00000000e+00;
viscC4leithD=0.00000000e+00;
viscC2leith=0.00000000e+00;
viscC2leithD=0.00000000e+00;
viscC2smag=0.00000000e+00;
viscC4smag=0.00000000e+00;
smag3D_coeff=2.00000000e-02;
diffKrT=1.30000000e-07;
diffKhT=0.00000000e+00;
diffKrS=7.20000000e-10;
diffKhS=0.00000000e+00;
tempAdvScheme=33;
saltAdvScheme=33;
multiDimAdvection=1;
tempStepping=1;
saltStepping=1;
staggerTimeStep=1;
eosType='JMD95Z';
no_slip_sides=0;
no_slip_bottom=0;
bottomDragLinear=0.00000000e+00;
bottomDragQuadratic=2.00000000e-03;
f0=0.00000000e+00;
gravity=9.81000000e+00;
rhonil=1.00000000e+03;
rhoConst=1.00000000e+03;
ivdc_kappa=0.00000000e+00;
implicitDiffusion=1;
implicitViscosity=1;
nonHydrostatic=0;
exactConserv=1;
useCDscheme=0;
readBinaryPrec=64;
useSingleCpuIO=1;
debugLevel=-1;
vectorInvariantMomentum=1;
useJamartWetPoints=1;
useJamartMomAdv=1;

useSRCGSolver=1;
cg2dMaxIters=1000;
cg2dTargetResidual=1.00000000e-12;
cg3dMaxIters=300;
cg3dTargetResidual=1.00000000e-07;

momDissip_In_AB=0;
tracForcingOutAB=1;
nIter0=0;
abEps=1.00000000e-01;
chkptFreq=4.32000000e+03;
pChkptFreq=4.32000000e+03;
taveFreq=0.00000000e+00;
dumpFreq=0.00000000e+00;
monitorFreq=8.64000000e+04;
cAdjFreq=0.00000000e+00;
dumpInitAndLast=1;
pickupStrictlyMatch=0;
endTime=864002.2857;
deltaT=3.71428571e+00;

usingCartesianGrid=1;
usingSphericalPolarGrid=0;
delX=[ 1.25000000e+01 1.25000000e+01 1.25000000e+01 1.25000000e+01 1.25000000e+01 1.25000000e+01 1.25000000e+01 1.25000000e+01 1.25000000e+01 1.25000000e+01 1.25000000e+01 1.25000000e+01 1.25000000e+01 1.25000000e+01 1.25000000e+01 1.25000000e+01 1.25000000e+01 1.25000000e+01 1.25000000e+01 1.25000000e+01 1.25000000e+01 1.25000000e+01 1.25000000e+01 1.25000000e+01 1.25000000e+01 1.25000000e+01 1.25000000e+01 1.25000000e+01 1.25000000e+01 1.25000000e+01 1.25000000e+01 1.25000000e+01 1.25000000e+01 1.25000000e+01 1.25000000e+01 1.25000000e+01 1.25000000e+01 1.25000000e+01 1.25000000e+01 1.25000000e+01 1.25000000e+01 1.25000000e+01 1.25000000e+01 1.25000000e+01 1.25000000e+01 1.25000000e+01 1.25000000e+01 1.25000000e+01 1.25000000e+01 1.25000000e+01 1.25000000e+01 1.25000000e+01 1.25000000e+01 1.25000000e+01 1.25000000e+01 1.25000000e+01 1.25000000e+01 1.25000000e+01 1.25000000e+01 1.25000000e+01 1.25000000e+01 1.25000000e+01 1.25000000e+01 1.25000000e+01 1.25000000e+01 1.25000000e+01 1.25000000e+01 1.25000000e+01 1.25000000e+01 1.25000000e+01 1.25000000e+01 1.25000000e+01 1.25000000e+01 1.25000000e+01 1.25000000e+01 1.25000000e+01 1.25000000e+01 1.25000000e+01 1.25000000e+01 1.25000000e+01 ];
delY=[ 1.00000000e+01 1.00000000e+01 1.00000000e+01 1.00000000e+01 1.00000000e+01 1.00000000e+01 1.00000000e+01 1.00000000e+01 1.00000000e+01 1.00000000e+01 1.00000000e+01 1.00000000e+01 1.00000000e+01 1.00000000e+01 1.00000000e+01 1.00000000e+01 1.00000000e+01 1.00000000e+01 1.00000000e+01 1.00000000e+01 1.00000000e+01 1.00000000e+01 1.00000000e+01 1.00000000e+01 1.00000000e+01 1.00000000e+01 1.00000000e+01 1.00000000e+01 1.00000000e+01 1.00000000e+01 1.00000000e+01 1.00000000e+01 1.00000000e+01 1.00000000e+01 1.00000000e+01 1.00000000e+01 1.00000000e+01 1.00000000e+01 1.00000000e+01 1.00000000e+01 1.00000000e+01 1.00000000e+01 1.00000000e+01 1.00000000e+01 1.00000000e+01 1.00000000e+01 1.00000000e+01 1.00000000e+01 1.00000000e+01 1.00000000e+01 1.00000000e+01 1.00000000e+01 1.00000000e+01 1.00000000e+01 1.00000000e+01 1.00000000e+01 1.00000000e+01 1.00000000e+01 1.00000000e+01 1.00000000e+01 1.00000000e+01 1.00000000e+01 1.00000000e+01 1.00000000e+01 1.00000000e+01 1.00000000e+01 1.00000000e+01 1.00000000e+01 1.00000000e+01 1.00000000e+01 1.00000000e+01 1.00000000e+01 1.00000000e+01 1.00000000e+01 1.00000000e+01 1.00000000e+01 1.00000000e+01 1.00000000e+01 1.00000000e+01 1.00000000e+01 1.00000000e+01 1.00000000e+01 1.00000000e+01 1.00000000e+01 1.00000000e+01 1.00000000e+01 1.00000000e+01 1.00000000e+01 1.00000000e+01 1.00000000e+01 1.00000000e+01 1.00000000e+01 1.00000000e+01 1.00000000e+01 1.00000000e+01 1.00000000e+01 1.00000000e+01 1.00000000e+01 1.00000000e+01 1.00000000e+01 ];
delR=[ 3.00000000e-01 3.00000000e-01 3.00000000e-01 3.00000000e-01 3.00000000e-01 3.00000000e-01 3.00000000e-01 3.00000000e-01 3.00000000e-01 3.00000000e-01 3.00000000e-01 3.00000000e-01 3.00000000e-01 3.00000000e-01 3.00000000e-01 3.00000000e-01 3.00000000e-01 3.00000000e-01 3.00000000e-01 3.00000000e-01 3.00000000e-01 3.00000000e-01 3.00000000e-01 3.00000000e-01 3.00000000e-01 3.00000000e-01 3.00000000e-01 3.00000000e-01 3.00000000e-01 3.00000000e-01 3.00000000e-01 3.00000000e-01 3.00000000e-01 3.00000000e-01 3.00000000e-01 3.00000000e-01 3.00000000e-01 3.00000000e-01 3.00000000e-01 3.00000000e-01 3.00000000e-01 3.00000000e-01 3.00000000e-01 3.00000000e-01 3.00000000e-01 3.00000000e-01 4.21428571e-01 5.42857143e-01 6.64285714e-01 7.85714286e-01 9.07142857e-01 1.02857143e+00 1.15000000e+00 1.27142857e+00 1.39285714e+00 1.51428571e+00 1.63571429e+00 1.75714286e+00 1.87857143e+00 2.00000000e+00 ];

bathyFile='bathyFile.bin';
hydrogThetaFile='hydrogThetaFile.bin';
hydrogSaltFile='hydrogSaltFile.bin';

useDiagnostics=1;
useSHELFICE=1;
useOBCS=1;
useSEAICE=0;
useEXF=0;

diag_fields{1,1}='UV_VEL_Z';
diag_fileNames{1}='UV_VEL_Z';
diag_frequency(1)=8.64000000e+04;
diag_timePhase(1)=0.00000000e+00;
diag_fields{1,2}='WU_VEL';
diag_fileNames{2}='WU_VEL';
diag_frequency(2)=8.64000000e+04;
diag_timePhase(2)=0.00000000e+00;
diag_fields{1,3}='WV_VEL';
diag_fileNames{3}='WV_VEL';
diag_frequency(3)=8.64000000e+04;
diag_timePhase(3)=0.00000000e+00;
diag_fields{1,4}='UVELSLT';
diag_fileNames{4}='UVELSLT';
diag_frequency(4)=8.64000000e+04;
diag_timePhase(4)=0.00000000e+00;
diag_fields{1,5}='VVELSLT';
diag_fileNames{5}='VVELSLT';
diag_frequency(5)=8.64000000e+04;
diag_timePhase(5)=0.00000000e+00;
diag_fields{1,6}='WVELSLT';
diag_fileNames{6}='WVELSLT';
diag_frequency(6)=8.64000000e+04;
diag_timePhase(6)=0.00000000e+00;
diag_fields{1,7}='UVEL';
diag_fileNames{7}='UVEL';
diag_frequency(7)=8.64000000e+04;
diag_timePhase(7)=0.00000000e+00;
diag_fields{1,8}='VVEL';
diag_fileNames{8}='VVEL';
diag_frequency(8)=8.64000000e+04;
diag_timePhase(8)=0.00000000e+00;
diag_fields{1,9}='WVEL';
diag_fileNames{9}='WVEL';
diag_frequency(9)=8.64000000e+04;
diag_timePhase(9)=0.00000000e+00;
diag_fields{1,10}='THETA';
diag_fileNames{10}='THETA';
diag_frequency(10)=8.64000000e+04;
diag_timePhase(10)=0.00000000e+00;
diag_fields{1,11}='SALT';
diag_fileNames{11}='SALT';
diag_frequency(11)=8.64000000e+04;
diag_timePhase(11)=0.00000000e+00;
diag_fields{1,12}='PHIHYD';
diag_fileNames{12}='PHIHYD';
diag_frequency(12)=8.64000000e+04;
diag_timePhase(12)=0.00000000e+00;
diag_fields{1,13}='PHI_NH';
diag_fileNames{13}='PHI_NH';
diag_frequency(13)=8.64000000e+04;
diag_timePhase(13)=0.00000000e+00;
diag_fields{1,14}='Vm_dPhiY';
diag_fileNames{14}='Vm_dPhiY';
diag_frequency(14)=8.64000000e+04;
diag_timePhase(14)=0.00000000e+00;
diag_fields{1,15}='Um_dPhiX';
diag_fileNames{15}='Um_dPhiX';
diag_frequency(15)=8.64000000e+04;
diag_timePhase(15)=0.00000000e+00;
diag_fields{1,16}='SHIgammT';
diag_fileNames{16}='SHIgammT';
diag_frequency(16)=8.64000000e+04;
diag_timePhase(16)=0.00000000e+00;
diag_fields{1,17}='SHIgammS';
diag_fileNames{17}='SHIgammS';
diag_frequency(17)=8.64000000e+04;
diag_timePhase(17)=0.00000000e+00;
diag_fields{1,18}='SHIuStar';
diag_fileNames{18}='SHIuStar';
diag_frequency(18)=8.64000000e+04;
diag_timePhase(18)=0.00000000e+00;
diag_fields{1,19}='SHI_mass';
